19
32
35
64
72
90
91
105
131
140
151
151
164
170
179
183
185
199
199
202
222
226
228
230
245
245
254
256
264
274
286
314
329
343
362
370
390
394
402
414
416
431
433
433
437
477
488
513
524
529
529
549
562
562
571
572
579
585
587
589
589
594
615
617
641
643
662
686
694
702
735
747
752
753
760
762
803
811
826
835
843
857
864
890
891
909
912
919
923
930
950
965
981
992
1006
1007
1043
1044
1051
1054
1065
1065
1082
1089
1090
1101
1101
1111
1113
1115
1118
1120
1151
1157
1158
1158
1162
1167
1172
1180
1220
1235
1259
1265
1283
1286
1291
1313
1316
1322
1324
1330
1335
1337
1339
1345
1356
1374
1386
1388
1393
1401
1409
1415
1418
1422
1450
1464
1499
1523
1528
1530
1536
1547
1550
1551
1573
1576
1580
1584
1588
1596
1625
1628
1641
1648
1666
1670
1671
1677
1683
1703
1712
1724
1731
1740
1763
1763
1769
1775
1794
1796
1801
1844
1848
1854
1858
1858
1858
1860
1864
1886
1890
1893
1894
1900
1903
1906
1923
1927
1936
1936
1946
1966
1978
1990
1991
2004
2020
2021
2032
2035
2060
2062
2065
2082
2096
2105
2117
2137
2148
2153
2159
2170
2214
2217
2232
2258
2260
2271
2292
2300
2318
2351
2394
2396
2409
2426
2432
2457
2465
2480
2485
2506
2513
2519
2530
2542
2565
2568
2587
2592
2594
2595
2605
2622
2633
2655
2660
2668
2677
2689
2696
2700
2701
2706
2717
2719
2723
2735
2736
2741
2748
2753
2755
2782
2798
2803
2809
2813
2861
2866
2870
2879
2902
2915
2921
2923
2927
2933
2935
2936
2944
2992
3006
3012
3019
3022
3025
3035
3042
3048
3067
3071
3090
3104
3105
3116
3124
3127
3131
3144
3152
3153
3156
3162
3166
3171
3184
3187
3207
3213
3220
3224
3255
3257
3267
3278
3287
3294
3298
3303
3304
3313
3315
3317
3324
3325
3325
3327
3331
3344
3368
3403
3413
3421
3452
3461
3476
3482
3492
3493
3495
3495
3500
3504
3515
3531
3531
3560
3569
3578
3586
3623
3650
3660
3664
3679
3697
3699
3700
3705
3710
3726
3728
3740
3754
3754
3762
3771
3772
3777
3790
3798
3805
3809
3845
3847
3859
3863
3875
3881
3885
3893
3910
3923
3935
3942
3947
3950
3961
3965
3965
3972
3982
3986
3992
3996
3998
3998
4006
4011
4035
4042
4051
4053
4068
4079
4080
4080
4103
4106
4123
4124
4131
4143
4151
4153
4162
4173
4188
4208
4211
4227
4239
4248
4267
4272
4285
4300
4322
4331
4333
4341
4349
4359
4367
4367
4372
4375
4399
4410
4413
4425
4450
4455
4460
4461
4462
4496
4510
4522
4532
4535
4536
4540
4542
4559
4577
4581
4627
4636
4637
4642
4648
4662
4700
4705
4716
4719
4760
4769
4797
4800
4802
4815
4824
4830
4839
4840
4840
4841
4845
4853
4858
4873
4881
4904
4922
4928
4967
4975
4996
5024
5037
5037
5039
5050
5056
5078
5085
5102
5105
5107
5109
5117
5126
5129
5136
5138
5150
5158
5163
5191
5193
5194
5199
5203
5216
5218
5219
5226
5232
5240
5244
5261
5286
5300
5324
5331
5335
5345
5346
5351
5357
5359
5360
5360
5367
5371
5373
5390
5407
5427
5429
5447
5461
5468
5497
5499
5504
5507
5521
5527
5527
5532
5541
5550
5560
5588
5598
5599
5602
5608
5616
5637
5643
5650
5656
5667
5672
5693
5719
5740
5745
5745
5786
5791
5795
5809
5826
5834
5858
5899
5910
5924
5925
5927
5931
5944
5955
5978
5981
5984
6005
6010
6016
6016
6018
6019
6024
6032
6045
6053
6054
6074
6080
6090
6111
6118
6119
6126
6132
6138
6147
6157
6162
6163
6169
6184
6192
6194
6208
6212
6212
6222
6236
6247
6260
6284
6286
6309
6332
6334
6335
6340
6350
6351
6361
6366
6368
6370
6378
6396
6399
6402
6407
6410
6432
6450
6453
6471
6484
6484
6487
6514
6515
6524
6527
6528
6539
6541
6557
6590
6599
6610
6618
6620
6620
6623
6624
6631
6641
6659
6675
6683
6683
6690
6692
6715
6739
6764
6776
6793
6806
6807
6814
6840
6846
6850
6872
6885
6887
6912
6913
6927
6928
6931
6941
6947
6970
6996
6997
7005
7012
7013
7014
7022
7064
7089
7093
7127
7132
7134
7141
7145
7167
7173
7252
7258
7258
7273
7276
7281
7297
7324
7334
7335
7342
7350
7361
7362
7394
7419
7419
7432
7432
7434
7439
7456
7457
7458
7463
7476
7476
7478
7488
7489
7500
7544
7553
7565
7566
7579
7587
7589
7610
7622
7632
7637
7657
7670
7671
7677
7680
7694
7695
7698
7704
7710
7734
7745
7749
7763
7782
7789
7804
7810
7819
7828
7833
7834
7839
7849
7857
7878
7887
7894
7909
7919
7923
7927
7930
7932
7955
7964
7971
7972
8012
8036
8075
8086
8097
8101
8113
8115
8117
8123
8134
8135
8139
8147
8172
8172
8195
8207
8208
8209
8219
8232
8245
8264
8342
8373
8377
8392
8395
8398
8413
8418
8436
8446
8473
8475
8480
8488
8492
8494
8502
8515
8523
8565
8580
8587
8589
8592
8601
8606
8607
8630
8641
8648
8654
8671
8676
8683
8715
8722
8729
8732
8737
8745
8756
8757
8758
8758
8776
8778
8781
8788
8792
8838
8845
8846
8851
8861
8872
8873
8896
8901
8914
8917
8923
8938
8948
8972
8979
8994
8996
9017
9029
9030
9031
9033
9046
9060
9067
9070
9074
9082
9095
9099
9101
9111
9120
9141
9145
9148
9150
9154
9157
9171
9180
9195
9203
9210
9214
9232
9245
9265
9277
9290
9303
9307
9325
9340
9343
9343
9352
9356
9356
9360
9368
9375
9388
9391
9394
9397
9405
9406
9423
9431
9441
9455
9457
9463
9473
9482
9497
9509
9510
9518
9520
9530
9544
9546
9546
9580
9586
9596
9599
9601
9621
9671
9679
9691
9702
9709
9710
9711
9741
9746
9791
9804
9808
9824
9838
9856
9876
9877
9887
9890
9901
9911
9916
9939
9960
9964
9970
9993
