1162
2519
7819
5199
8208
9510
662
2465
5360
6872
2706
1528
9482
5335
6126
5527
7932
589
9993
2992
1322
7141
3910
1903
7463
7694
7804
6247
4051
5598
3965
1339
2065
643
433
1666
164
6053
8846
2861
9877
6471
7334
549
3156
1724
9245
6157
8776
8134
6054
1671
9876
8473
2809
5858
1337
9406
3875
2513
6162
8996
8377
1415
7456
7361
4410
3998
5218
2935
5745
9352
5984
3697
8036
9180
4372
9148
6764
6514
2870
4627
5521
1418
5427
3762
4496
7734
9497
7324
5532
4359
2082
6776
9599
3317
394
5286
4331
4841
5150
5056
6850
3492
5507
2923
3998
1043
6192
7565
3278
1386
202
9960
8589
8172
9530
3972
5616
4349
6524
5371
9580
5599
8135
2782
8914
3048
1796
8758
8873
5637
9325
1588
7622
4648
1683
3881
1113
4700
9916
1345
7127
5497
3303
3162
4800
2035
3965
7972
4173
4333
7350
64
3992
3035
4581
5050
6599
5429
1313
2755
2902
4455
4705
5351
5360
4853
2020
6350
2170
3772
9082
2542
5244
6996
9970
2701
7789
9601
6912
1220
7273
9033
7834
735
3986
6928
2592
3344
1409
414
5527
3700
151
8979
9808
4510
1044
9473
2921
4079
3267
3207
1167
9095
912
2062
3950
4996
6807
5899
5608
2153
3531
1893
6941
587
2159
6641
9709
3493
2004
1450
3127
6539
992
6620
4413
9099
5927
3327
343
9375
5193
1648
5024
4399
4248
5163
2032
6484
8851
3413
1335
9031
5588
5158
4227
5944
3923
6132
1007
1291
245
5786
8232
4540
7013
615
2396
8115
6332
8147
1393
1523
1712
5373
8592
8172
183
431
8972
2944
390
835
8195
2595
826
6927
6351
923
4162
8139
6169
9431
4535
6019
1628
9964
1769
8648
7489
6970
8488
8209
5740
6814
1180
3728
3298
6913
7281
5039
7878
3325
7810
3368
8671
4719
4080
6484
7014
4760
3664
8219
9441
477
6111
762
8392
7439
1858
7587
9457
9029
6286
4462
1356
5925
3184
2622
8861
3777
8523
7342
3153
9070
9356
3705
7566
1936
3947
7145
1324
6450
2432
9368
890
7458
8896
8418
9791
1864
5107
3452
6846
1158
9074
8845
3845
6683
274
4922
6402
5346
2232
6080
8641
1464
4840
7258
7335
8475
8398
2915
4532
1101
760
8245
1625
7544
7710
5504
7782
8075
3679
4662
9214
7955
7657
3331
3754
4053
3893
6074
1158
4151
4845
8938
3996
6366
9546
2655
3531
2530
9518
6309
6147
4542
9067
4824
7488
2660
1118
5367
5809
5981
524
8758
8756
6334
4103
1858
9232
1990
2700
3104
5390
6340
4637
9455
5300
7909
5910
1900
4367
1115
1886
803
8413
1401
3740
7971
2117
8587
5203
9691
6659
2866
6396
1584
8580
9741
702
9824
7610
7923
7677
7089
9804
3213
4716
3171
3790
3105
7632
2148
3224
7064
9394
930
981
8737
6208
3771
6715
6399
226
6624
1089
9405
1860
1576
3090
9890
6260
4577
5037
864
6090
641
1670
7894
9679
9546
2605
5541
4267
1740
5129
9343
6527
8757
6432
8683
8012
6947
8373
5109
9150
4522
6335
9203
2696
4881
5138
19
3421
1703
5037
7680
488
5331
4143
7763
585
4873
694
8101
2717
8792
8086
1858
6184
2480
9154
9210
4642
433
4042
5826
811
2318
2689
151
9340
2753
2457
6610
8732
3144
7005
1111
891
5085
5931
7432
5359
2723
1101
7478
5672
6620
5667
5447
3042
6119
1550
4035
3495
9111
6683
8872
8606
8207
3482
8494
8788
1530
1801
7093
2933
6631
4450
2426
7671
3025
3935
185
6692
7276
5461
4188
8722
5499
6212
7553
6032
5791
4425
2409
4239
2394
9101
8781
170
370
1374
7419
7012
7857
6024
1551
4797
3304
9520
5693
2096
3476
4461
7258
2668
7833
179
6010
5357
1259
589
3315
1894
1547
8342
753
3294
286
6997
4131
9060
5194
9939
9171
9120
1641
617
8515
5191
1120
3754
1283
6618
1065
7419
2879
2060
5261
3403
8948
5102
3726
3859
579
3257
4975
1051
9710
4375
9911
1573
5136
5407
9290
4123
6410
8395
3560
6016
5719
2936
4802
6885
1936
1065
8502
843
3500
3287
1388
32
7839
8729
4840
1848
1844
3324
6016
2105
1157
3152
5656
4211
3495
2351
9017
6138
6018
9307
9360
5602
3982
3586
1330
2677
5226
4928
4285
1235
9141
8994
4106
1991
2719
5650
6623
9746
7434
2260
7297
1927
7930
7964
8838
562
3515
8745
7432
230
7698
6690
1286
529
1596
3660
7637
6590
594
965
35
6806
686
5232
6236
7476
4839
3805
9621
8436
72
7476
8630
7927
3504
1006
2741
4006
7394
9265
5117
2736
2300
9030
1966
131
7252
6840
6541
3187
9838
5834
9388
3961
3067
2485
9157
1946
7500
1854
7695
1906
6212
5745
1731
1422
747
4636
6361
4068
7167
105
3019
4815
1172
8601
2587
90
1580
1978
6528
5240
9586
7589
3116
8446
5216
5078
329
7022
4769
9145
7745
5105
529
9901
6045
9856
4272
8264
4341
8654
8117
199
919
8565
4559
4080
2594
7132
6407
7670
6370
3650
3569
4536
3798
1499
2258
6887
2748
3012
3131
8113
9423
6515
1763
9391
3847
752
2803
9303
1151
314
2506
7887
5219
9463
5345
1775
5560
9596
2633
513
3461
7173
416
264
8607
6194
1763
6378
3699
9343
6557
4460
1677
4830
7134
2568
6453
1794
3255
3885
4153
91
3809
7828
6005
6793
9277
1082
222
3710
3942
7919
9711
2021
5955
857
8123
7849
9544
8901
7457
3220
5324
572
2798
9397
9046
5550
4300
6284
8480
6222
3623
2565
3166
8778
1536
254
7704
7749
7579
3863
7362
1090
6675
9509
909
2735
3006
1923
2214
5468
8923
9702
140
4967
6487
9356
3071
245
9887
256
1316
3022
4367
8492
8917
5126
2137
5643
437
3124
562
2217
3313
8097
950
3578
402
1054
8715
8676
2927
4322
5795
9195
6368
2271
4124
199
2813
4208
1890
6739
2292
1265
6163
5924
362
4011
6931
228
4904
4858
6118
5978
9671
3325
571
